211
234
263
266
362
520
523
525
526
530
1197
1229
1231
1236
1238
1268
1275
1277
1278
1279
1287
1296
1309
1314
1316
1320
1322
1324
1337
1341
1351
1358
1362
1370
1378
1389
1538
1565
1566
1573
1575
1608
1631
1775
1777
1792
1800
1818
1870
1885
1910
1930
1976
1983
2042
2043
2044
2054
2081
2086
2092
2093
2122
2136
2165
2174
2197
2202
2209
2224
2226
2229
2237
2246
2253
2264
2295
2298
2313
2319
2332
2334
2380
2387
2409
2411
2425
2426
2431
2438
2445
2459
2463
2470
2485
2576
2627
2635
2652
2657
2724
2740
2755
2776
2793
2806
2816
2824
2900
2903
2930
2936
2968
3070
3104
3131
3133
3135
3142
3143
3156
3173
3193
3227
3230
3284
3294
3344
3348
3408
3533
3544
3547
3613
3614
3665
3762
3780
3798
3799
3848
3861
3870
3876
3952
3979
3981
4017
4037
4045
4124
4158
4173
4182
4183
4185
4219
4223
4224
4226
4230
4232
4237
4279
4281
4282
4299
4313
4314
4319
4322
4328
4329
4330
4336
4337
4339
4395
4411
4413
4419
4443
4451
4470
4490
4492
4499
4516
4527
4542
4552
4554
4557
4588
4592
4640
4707
4738
4750
4761
4775
4783
4796
4799
4812
4842
4921
4945
4950
4957
4990
4992
5000
5003
5009
5027
5037
5041
5071
5078
5105
5116
5132
5172
5190
5209
5224
5225
5234
5240
5242
5249
5253
5254
5257
5264
5268
5269
5298
5301
5338
5340
5354
5370
5371
5381
5384
5385
5388
5405
5410
5411
5414
5430
5435
5437
5450
5457
5488
5492
5500
5519
5520
5528
5544
5546
5550
5551
5556
5557
5631
5647
5652
5660
5688
5715
5728
5763
5784
5785
5793
5803
5814
5818
5828
5834
5856
5868
5871
5876
5915
5918
5925
5946
5947
5965
5975
5976
5980
5996
5999
6034
6064
6079
6082
6096
6126
6150
6156
6170
6177
6189
6202
6214
6217
6224
6227
6240
6255
6262
6275
6313
6330
6344
6347
6421
6438
6486
6492
6493
6530
6537
6540
6546
6564
6568
6576
6609
6640
6664
6667
6711
6740
6771
6778
6824
6825
6871
6874
6878
6885
6889
6910
6933
7037
7040
7047
7075
7109
7127
7132
7185
7187
7234
7371
7397
7404
7405
7412
7429
7476
7503
7505
7524
7530
7533
7538
7550
7567
7579
7719
7735
7746
7766
7774
7782
7787
7811
7839
7863
7872
7874
7879
7893
7894
7903
7909
7916
7971
8052
8062
8123
8143
8145
8157
8165
8181
8193
8196
8202
8203
8215
8256
8273
8280
8288
8290
8300
8328
8329
8360
8363
8406
8451
8493
8574
8577
8585
8596
8607
8615
8626
8628
8631
8639
8641
8653
8659
8760
8769
8837
8863
8867
8902
8911
8924
8929
8953
8958
8986
9003
9006
9007
9038
9039
9066
9074
9113
9121
9132
9146
9154
9163
9169
9187
9188
9363
9371
9400
9434
9440
9454
9455
9567
9607
9654
9663
9726
9729
9734
9791
9906
9910
9935
9953
10000
10022
10026
10076
10181
10189
10192
10212
10280
10333
10367
10441
10443
10457
10459
10519
10520
10544
10546
10548
10559
10594
10605
10612
10625
10630
10637
10713
10725
10728
10753
10761
10773
10798
10809
10897
10898
10908
10915
10917
10924
10933
10943
10978
11006
11026
11031
11042
11146
11170
11192
11197
11202
11222
11230
11231
11236
11250
11268
11339
11341
11379
11385
11424
11434
11436
11474
11508
11513
11548
11587
11589
11647
11692
11727
11758
11760
11775
11779
11788
11792
11798
11812
11822
11919
11925
11934
11935
11944
11945
11952
11972
11981
12005
12019
12023
12027
12040
12081
12105
12191
12203
12206
12210
12211
12213
12232
12252
12255
12303
12374
12385
12401
12405
12409
12412
12413
12448
12455
12612
12628
12770
12832
12904
12912
12925
12979
13020
13072
13086
13096
13149
13155
13197
13207
13278
13319
13323
13329
13349
