,ROUTE_SURVEYEDCode,CR_AM_Peak,CR_Midday,CR_PM,CR_Evening,CR_Total,DB_AM_Peak,DB_Midday,DB_PM,DB_Evening,DB_Total,ROUTE_SURVEYEDCode_Splited
0,STL_2_MLB_00,0.0,0.0,0.0,0.0,0.0,0.0,0.0,0.0,0.0,0.0,STL_2_MLB
1,STL_2_MLB_01,0.0,0.0,0.0,0.0,0.0,0.0,0.0,0.0,0.0,0.0,STL_2_MLB
2,STL_2_MLR_00,0.0,0.0,0.0,0.0,0.0,0.0,0.0,0.0,0.0,0.0,STL_2_MLR
3,STL_2_MLR_01,0.0,0.0,0.0,0.0,0.0,0.0,0.0,0.0,0.0,0.0,STL_2_MLR
4,STL_2_1M_00,0.0,0.0,0.0,0.0,0.0,0.0,0.0,0.0,0.0,0.0,STL_2_1M
5,STL_2_1M_01,0.0,0.0,0.0,0.0,0.0,0.0,0.0,0.0,0.0,0.0,STL_2_1M
6,STL_2_2M_00,0.0,0.0,0.0,0.0,0.0,0.0,0.0,0.0,0.0,0.0,STL_2_2M
7,STL_2_2M_01,0.0,0.0,0.0,0.0,0.0,0.0,0.0,0.0,0.0,0.0,STL_2_2M
8,STL_2_4M_00,0.0,0.0,0.0,0.0,0.0,0.0,0.0,0.0,0.0,0.0,STL_2_4M
9,STL_2_4M_01,0.0,0.0,0.0,0.0,0.0,0.0,0.0,0.0,0.0,0.0,STL_2_4M
10,STL_2_5M_00,0.0,0.0,0.0,0.0,0.0,0.0,0.0,0.0,0.0,0.0,STL_2_5M
11,STL_2_5X_00,0.0,0.0,0.0,0.0,0.0,0.0,0.0,0.0,0.0,0.0,STL_2_5X
12,STL_2_5X_01,0.0,0.0,0.0,0.0,0.0,0.0,0.0,0.0,0.0,0.0,STL_2_5X
13,STL_2_8M_00,0.0,0.0,0.0,0.0,0.0,0.0,0.0,0.0,0.0,0.0,STL_2_8M
14,STL_2_8M_01,0.0,0.0,0.0,0.0,0.0,0.0,0.0,0.0,0.0,0.0,STL_2_8M
15,STL_2_9M_00,0.0,0.0,0.0,0.0,0.0,0.0,0.0,0.0,0.0,0.0,STL_2_9M
16,STL_2_9M_01,0.0,0.0,0.0,0.0,0.0,0.0,0.0,0.0,0.0,0.0,STL_2_9M
17,STL_2_10_00,0.0,0.0,0.0,0.0,0.0,0.0,0.0,0.0,0.0,0.0,STL_2_10
18,STL_2_10_01,0.0,0.0,0.0,0.0,0.0,0.0,0.0,0.0,0.0,0.0,STL_2_10
19,STL_2_100_01,0.0,0.0,0.0,0.0,0.0,0.0,0.0,0.0,0.0,0.0,STL_2_100
20,STL_2_100_00,0.0,0.0,0.0,0.0,0.0,0.0,0.0,0.0,0.0,0.0,STL_2_100
21,STL_2_11_00,0.0,0.0,0.0,0.0,0.0,0.0,0.0,0.0,0.0,0.0,STL_2_11
22,STL_2_11_01,0.0,0.0,0.0,0.0,0.0,0.0,0.0,0.0,0.0,0.0,STL_2_11
23,STL_2_13M_01,0.0,0.0,0.0,0.0,0.0,0.0,0.0,0.0,0.0,0.0,STL_2_13M
24,STL_2_13M_00,0.0,0.0,0.0,0.0,0.0,0.0,0.0,0.0,0.0,0.0,STL_2_13M
25,STL_2_16M_01,0.0,0.0,0.0,0.0,0.0,0.0,0.0,0.0,0.0,0.0,STL_2_16M
26,STL_2_16M_00,0.0,0.0,0.0,0.0,0.0,0.0,0.0,0.0,0.0,0.0,STL_2_16M
27,STL_2_18_01,0.0,0.0,0.0,0.0,0.0,0.0,0.0,0.0,0.0,0.0,STL_2_18
28,STL_2_18_00,0.0,0.0,0.0,0.0,0.0,0.0,0.0,0.0,0.0,0.0,STL_2_18
29,STL_2_19_01,0.0,0.0,0.0,0.0,0.0,0.0,0.0,0.0,0.0,0.0,STL_2_19
30,STL_2_19_00,0.0,0.0,0.0,0.0,0.0,0.0,0.0,0.0,0.0,0.0,STL_2_19
31,STL_2_21_00,0.0,0.0,0.0,0.0,0.0,0.0,0.0,0.0,0.0,0.0,STL_2_21
32,STL_2_21_01,0.0,0.0,0.0,0.0,0.0,0.0,0.0,0.0,0.0,0.0,STL_2_21
33,STL_2_23_00,0.0,0.0,0.0,0.0,0.0,0.0,0.0,0.0,0.0,0.0,STL_2_23
34,STL_2_23_01,0.0,0.0,0.0,0.0,0.0,0.0,0.0,0.0,0.0,0.0,STL_2_23
35,STL_2_30_00,0.0,0.0,0.0,0.0,0.0,0.0,0.0,0.0,0.0,0.0,STL_2_30
36,STL_2_30_01,0.0,0.0,0.0,0.0,0.0,0.0,0.0,0.0,0.0,0.0,STL_2_30
37,STL_2_31_00,0.0,0.0,0.0,0.0,0.0,0.0,0.0,0.0,0.0,0.0,STL_2_31
38,STL_2_31_01,0.0,0.0,0.0,0.0,0.0,0.0,0.0,0.0,0.0,0.0,STL_2_31
39,STL_2_32_01,0.0,0.0,0.0,0.0,0.0,0.0,0.0,0.0,0.0,0.0,STL_2_32
40,STL_2_32_00,0.0,0.0,0.0,0.0,0.0,0.0,0.0,0.0,0.0,0.0,STL_2_32
41,STL_2_33_00,0.0,0.0,0.0,0.0,0.0,0.0,0.0,0.0,0.0,0.0,STL_2_33
42,STL_2_33_01,0.0,0.0,0.0,0.0,0.0,0.0,0.0,0.0,0.0,0.0,STL_2_33
43,STL_2_34_00,0.0,0.0,0.0,0.0,0.0,0.0,0.0,0.0,0.0,0.0,STL_2_34
44,STL_2_35_00,0.0,0.0,0.0,0.0,0.0,0.0,0.0,0.0,0.0,0.0,STL_2_35
45,STL_2_35_01,0.0,0.0,0.0,0.0,0.0,0.0,0.0,0.0,0.0,0.0,STL_2_35
46,STL_2_40_00,0.0,0.0,0.0,0.0,0.0,0.0,0.0,0.0,0.0,0.0,STL_2_40
47,STL_2_40_01,0.0,0.0,0.0,0.0,0.0,0.0,0.0,0.0,0.0,0.0,STL_2_40
48,STL_2_41_01,0.0,0.0,0.0,0.0,0.0,0.0,0.0,0.0,0.0,0.0,STL_2_41
49,STL_2_41_00,0.0,0.0,0.0,0.0,0.0,0.0,0.0,0.0,0.0,0.0,STL_2_41
50,STL_2_42_01,0.0,0.0,0.0,0.0,0.0,0.0,0.0,0.0,0.0,0.0,STL_2_42
51,STL_2_42_00,0.0,0.0,0.0,0.0,0.0,0.0,0.0,0.0,0.0,0.0,STL_2_42
52,STL_2_49_01,0.0,0.0,0.0,0.0,0.0,0.0,0.0,0.0,0.0,0.0,STL_2_49
53,STL_2_49_00,0.0,0.0,0.0,0.0,0.0,0.0,0.0,0.0,0.0,0.0,STL_2_49
54,STL_2_56_00,0.0,0.0,0.0,0.0,0.0,0.0,0.0,0.0,0.0,0.0,STL_2_56
55,STL_2_56_01,0.0,0.0,0.0,0.0,0.0,0.0,0.0,0.0,0.0,0.0,STL_2_56
56,STL_2_57_00,0.0,0.0,0.0,0.0,0.0,0.0,0.0,0.0,0.0,0.0,STL_2_57
57,STL_2_57_01,0.0,0.0,0.0,0.0,0.0,0.0,0.0,0.0,0.0,0.0,STL_2_57
58,STL_2_58_00,0.0,0.0,0.0,0.0,0.0,0.0,0.0,0.0,0.0,0.0,STL_2_58
59,STL_2_58_01,0.0,0.0,0.0,0.0,0.0,0.0,0.0,0.0,0.0,0.0,STL_2_58
60,STL_2_59_00,0.0,0.0,0.0,0.0,0.0,0.0,0.0,0.0,0.0,0.0,STL_2_59
61,STL_2_59_01,0.0,0.0,0.0,0.0,0.0,0.0,0.0,0.0,0.0,0.0,STL_2_59
62,STL_2_60_00,0.0,0.0,0.0,0.0,0.0,0.0,0.0,0.0,0.0,0.0,STL_2_60
63,STL_2_60_01,0.0,0.0,0.0,0.0,0.0,0.0,0.0,0.0,0.0,0.0,STL_2_60
64,STL_2_61_00,0.0,0.0,0.0,0.0,0.0,0.0,0.0,0.0,0.0,0.0,STL_2_61
65,STL_2_61_01,0.0,0.0,0.0,0.0,0.0,0.0,0.0,0.0,0.0,0.0,STL_2_61
66,STL_2_64_01,0.0,0.0,0.0,0.0,0.0,0.0,0.0,0.0,0.0,0.0,STL_2_64
67,STL_2_64_00,0.0,0.0,0.0,0.0,0.0,0.0,0.0,0.0,0.0,0.0,STL_2_64
68,STL_2_70_01,0.0,0.0,0.0,0.0,0.0,0.0,0.0,0.0,0.0,0.0,STL_2_70
69,STL_2_70_00,0.0,0.0,0.0,0.0,0.0,0.0,0.0,0.0,0.0,0.0,STL_2_70
70,STL_2_73_01,0.0,0.0,0.0,0.0,0.0,0.0,0.0,0.0,0.0,0.0,STL_2_73
71,STL_2_73_00,0.0,0.0,0.0,0.0,0.0,0.0,0.0,0.0,0.0,0.0,STL_2_73
72,STL_2_74_01,0.0,0.0,0.0,0.0,0.0,0.0,0.0,0.0,0.0,0.0,STL_2_74
73,STL_2_74_00,0.0,0.0,0.0,0.0,0.0,0.0,0.0,0.0,0.0,0.0,STL_2_74
74,STL_2_76_01,0.0,0.0,0.0,0.0,0.0,0.0,0.0,0.0,0.0,0.0,STL_2_76
75,STL_2_76_00,0.0,0.0,0.0,0.0,0.0,0.0,0.0,0.0,0.0,0.0,STL_2_76
76,STL_2_77_01,0.0,0.0,0.0,0.0,0.0,0.0,0.0,0.0,0.0,0.0,STL_2_77
77,STL_2_77_00,0.0,0.0,0.0,0.0,0.0,0.0,0.0,0.0,0.0,0.0,STL_2_77
78,STL_2_78_00,0.0,0.0,0.0,0.0,0.0,0.0,0.0,0.0,0.0,0.0,STL_2_78
79,STL_2_78_01,0.0,0.0,0.0,0.0,0.0,0.0,0.0,0.0,0.0,0.0,STL_2_78
80,STL_2_79_01,0.0,0.0,0.0,0.0,0.0,0.0,0.0,0.0,0.0,0.0,STL_2_79
81,STL_2_79_00,0.0,0.0,0.0,0.0,0.0,0.0,0.0,0.0,0.0,0.0,STL_2_79
82,STL_2_90_00,0.0,0.0,0.0,0.0,0.0,0.0,0.0,0.0,0.0,0.0,STL_2_90
83,STL_2_90_01,0.0,0.0,0.0,0.0,0.0,0.0,0.0,0.0,0.0,0.0,STL_2_90
84,STL_2_91_00,0.0,0.0,0.0,0.0,0.0,0.0,0.0,0.0,0.0,0.0,STL_2_91
85,STL_2_91_01,0.0,0.0,0.0,0.0,0.0,0.0,0.0,0.0,0.0,0.0,STL_2_91
86,STL_2_94_00,0.0,0.0,0.0,0.0,0.0,0.0,0.0,0.0,0.0,0.0,STL_2_94
87,STL_2_94_01,0.0,0.0,0.0,0.0,0.0,0.0,0.0,0.0,0.0,0.0,STL_2_94
88,STL_2_95_01,0.0,0.0,0.0,0.0,0.0,0.0,0.0,0.0,0.0,0.0,STL_2_95
89,STL_2_95_00,0.0,0.0,0.0,0.0,0.0,0.0,0.0,0.0,0.0,0.0,STL_2_95
90,STL_2_97_00,0.0,0.0,0.0,0.0,0.0,0.0,0.0,0.0,0.0,0.0,STL_2_97
91,STL_2_97_01,0.0,0.0,0.0,0.0,0.0,0.0,0.0,0.0,0.0,0.0,STL_2_97
92,STL_2_98_01,0.0,0.0,0.0,0.0,0.0,0.0,0.0,0.0,0.0,0.0,STL_2_98
93,STL_2_98_00,0.0,0.0,0.0,0.0,0.0,0.0,0.0,0.0,0.0,0.0,STL_2_98
94,STL_2_1L_01,0.0,0.0,0.0,0.0,0.0,0.0,0.0,0.0,0.0,0.0,STL_2_1L
95,STL_2_1L_00,0.0,0.0,0.0,0.0,0.0,0.0,0.0,0.0,0.0,0.0,STL_2_1L
96,STL_2_2L_00,0.0,0.0,0.0,0.0,0.0,0.0,0.0,0.0,0.0,0.0,STL_2_2L
97,STL_2_2L_01,0.0,0.0,0.0,0.0,0.0,0.0,0.0,0.0,0.0,0.0,STL_2_2L
98,STL_2_3_00,0.0,0.0,0.0,0.0,0.0,0.0,0.0,0.0,0.0,0.0,STL_2_3
99,STL_2_3_01,0.0,0.0,0.0,0.0,0.0,0.0,0.0,0.0,0.0,0.0,STL_2_3
100,STL_2_4L_00,0.0,0.0,0.0,0.0,0.0,0.0,0.0,0.0,0.0,0.0,STL_2_4L
101,STL_2_5L_00,0.0,0.0,0.0,0.0,0.0,0.0,0.0,0.0,0.0,0.0,STL_2_5L
102,STL_2_6_00,0.0,0.0,0.0,0.0,0.0,0.0,0.0,0.0,0.0,0.0,STL_2_6
103,STL_2_6_01,0.0,0.0,0.0,0.0,0.0,0.0,0.0,0.0,0.0,0.0,STL_2_6
104,STL_2_8L_00,0.0,0.0,0.0,0.0,0.0,0.0,0.0,0.0,0.0,0.0,STL_2_8L
105,STL_2_8L_01,0.0,0.0,0.0,0.0,0.0,0.0,0.0,0.0,0.0,0.0,STL_2_8L
106,STL_2_9L_00,0.0,0.0,0.0,0.0,0.0,0.0,0.0,0.0,0.0,0.0,STL_2_9L
107,STL_2_9L_01,0.0,0.0,0.0,0.0,0.0,0.0,0.0,0.0,0.0,0.0,STL_2_9L
108,STL_2_12_00,0.0,0.0,0.0,0.0,0.0,0.0,0.0,0.0,0.0,0.0,STL_2_12
109,STL_2_12_01,0.0,0.0,0.0,0.0,0.0,0.0,0.0,0.0,0.0,0.0,STL_2_12
110,STL_2_13L_00,0.0,0.0,0.0,0.0,0.0,0.0,0.0,0.0,0.0,0.0,STL_2_13L
111,STL_2_13L_01,0.0,0.0,0.0,0.0,0.0,0.0,0.0,0.0,0.0,0.0,STL_2_13L
112,STL_2_14_00,0.0,0.0,0.0,0.0,0.0,0.0,0.0,0.0,0.0,0.0,STL_2_14
113,STL_2_14_01,0.0,0.0,0.0,0.0,0.0,0.0,0.0,0.0,0.0,0.0,STL_2_14
114,STL_2_15_00,0.0,0.0,0.0,0.0,0.0,0.0,0.0,0.0,0.0,0.0,STL_2_15
115,STL_2_15_01,0.0,0.0,0.0,0.0,0.0,0.0,0.0,0.0,0.0,0.0,STL_2_15
116,STL_2_16L_00,0.0,0.0,0.0,0.0,0.0,0.0,0.0,0.0,0.0,0.0,STL_2_16L
117,STL_2_16L_01,0.0,0.0,0.0,0.0,0.0,0.0,0.0,0.0,0.0,0.0,STL_2_16L
